rodada 0
18.65500069
3.90700006
6.10200024
0.00800000
0.01100000
rodada 1
18.89699936
4.00000000
6.25899982
0.00800000
0.01200000
rodada 2
18.61800003
3.88299990
6.17500019
0.00700000
0.01100000
rodada 3
18.77400017
3.87100005
6.10799980
0.00900000
0.01100000
rodada 4
18.56399918
3.93799996
6.01999998
0.00800000
0.01100000
rodada 5
18.63999939
3.86700010
6.04799986
0.00800000
0.01200000
rodada 6
18.47599983
3.85899997
6.03299999
0.00800000
0.01100000
rodada 7
18.52300072
3.83999991
6.05100012
0.00800000
0.01100000
rodada 8
18.36899948
3.83599997
6.02699995
0.00900000
0.01200000
rodada 9
18.57799911
3.86400008
6.01499987
0.00800000
0.01100000
